Population, superficie et densité




































3
3
3
3







4
4
4
4







5
5
5
5














6
6
6
6
























































7
7
7
7
8
8
8
8
9
9
9
9




Mid-year population estimates and projections (millions)
 Estimations et projections de population au milieu de l'année
	(millions)	

Sex Ratio
  (males per 100 females) Rapport
     des sexes (hommes pour 100
femmes)Population age distribution (percentage) Répartition par âge de la population
	(pourcentage)	



Country or area Pays ou zone



  Year Année




Total



    Male Hommes



Females FemmesAged 0
   to 14 years old âgée de 0 à 14
ansAged
60+
   years old âgée
 de 60 ans ou plus
Population
   density (per km2) Densité de population
(pour km2)

Surface area Superficie
(000 km2)Australia and New
Zealand Australie et
Nouvelle-Zélande201026.4913.1513.3498.619.4118.813.3...201528.5614.1614.4098.419.1120.213.6...202231.3315.5515.7898.518.3122.713.97 9462024231.9315.8516.0898.517.9123.414.0...Melanesia Mélanésie20109.584.954.62107.236.715.0118.1...201510.855.605.25106.535.615.3120.5...202212.506.416.09105.333.716.2123.65302024212.946.636.32105.033.116.5124.4...Micronesia Micronésie20100.520.26100.2610102.01032.31,107.11,10167.7...20150.520.26100.2610101.51030.81,108.71,10168.4...20220.520.26100.2610101.01030.01,1011.31,10169.73202420.530.26100.2610101.01029.71,1012.31,10170.9...Polynesia Polynésie20100.670.34110.3311102.61132.31,118.41,1183.3...20150.680.34110.3411101.31131.01,119.51,1184.8...20220.690.34110.3411100.01129.31,1112.11,1185.78202420.690.34110.351199.61128.61,1113.11,1185.7...Afghanistan Afghanistan201028.2814.2714.01101.948.513.7143.6...201533.8317.1016.73102.246.313.7152.1...202240.5820.4820.10101.943.613.8162.56532024242.6521.5321.12102.042.913.9165.7...Albania Albanie20102.931.451.4897.921.7115.21106.9...20152.901.431.4698.019.0117.71105.8...20222.831.401.4397.817.2122.41103.229202422.791.381.4197.816.8123.51101.9...Algeria Algérie201036.1918.5517.63105.227.517.2115.2...201540.0220.4819.54104.829.018.1116.8...202245.4823.2122.27104.230.819.4119.12 3822024246.8123.8722.94104.130.3110.0119.7...American Samoa Samoa américaines2010120.060.030.03103.334.616.71276.1...2015120.050.030.03103.231.818.41264.4...20220.05120.02120.0212102.21228.11,1211.51,12241.712~020242,120.050.020.02101.927.0112.91233.8...Andorra Andorre20100.080.040.04106.415.0117.61171.7...20150.070.040.04102.315.3117.91153.6...20220.080.040.04104.812.7121.61169.6~0202420.080.040.04104.611.9123.21174.3...Angola Angola201023.2911.4811.8197.245.114.3118.7...201528.1613.9114.2597.645.314.3122.6...202235.6417.6318.0197.944.814.5128.61 2472024237.8918.7519.1498.044.414.6130.4...Anguilla Anguilla2010130.010.010.0196.523.7110.51151.6...2015130.010.010.0196.220.5112.41161.5...20220.01130.01130.011394.51318.01,1317.41,13161.113~020242,130.010.010.0194.516.3118.41165.9...Antigua and Barbuda Antigua-et-Barbuda20100.090.040.0490.023.8110.51193.9...20150.090.040.0590.421.2112.31203.2...20220.090.040.0590.818.6116.31211.0~0202420.090.040.0590.817.8117.71213.1...Argentina Argentine201041.2920.4120.8897.725.7114.5114.8...201543.4821.5421.9498.224.9115.3115.6...202245.4122.5322.8898.522.8116.4116.32 796142024245.7022.6823.0298.521.6116.8116.4...



Mid-year population estimates and projections (millions)
 Estimations et projections de population au milieu de l'année
	(millions)	

Sex Ratio
  (males per 100 females) Rapport
     des sexes (hommes pour 100
femmes)Population age distribution (percentage) Répartition par âge de la population
	(pourcentage)	



Country or area Pays ou zone



  Year Année




Total



    Male Hommes



Females FemmesAged 0
   to 14 years old âgée de 0 à 14
ansAged
60+
   years old âgée
 de 60 ans ou plus
Population
   density (per km2) Densité de population
(pour km2)

Surface area Superficie
(000 km2)Armenia
Arménie20102.931.351.5884.919.3114.51103.0...20152.921.341.5885.220.1116.11102.6...20222.881.331.5586.219.9119.91101.230202422.971.381.5986.719.2120.41104.5...Aruba
Aruba20100.100.050.0591.320.8114.61556.2...20150.100.050.0590.219.0118.01578.8...20220.110.050.0689.417.5123.31598.8~0202420.110.050.0689.516.8124.81600.4...Australia Australie20101522.1411.0211.1299.119.1118.912.9...20151523.9511.8912.0698.618.9120.313.1...202226.201513.001513.201598.51518.21,1522.81,153.4157 6921620242,1526.7113.2513.4698.517.8123.513.5...Austria Autriche20108.374.074.2994.914.8123.21101.4...20158.644.244.4196.114.3124.01104.8...20229.064.464.6096.914.3126.71109.884202429.124.494.6397.014.2127.91110.5...Azerbaijan Azerbaïdjan2010179.154.404.7592.622.318.31110.7...2015179.754.725.0393.923.519.21118.0...202210.30175.04175.251796.01722.81,1713.01,17124.6178720242,1710.345.075.2796.121.8114.21125.1...Bahamas Bahamas20100.370.180.1994.723.3113.0168.6...20150.390.190.2093.321.3114.0171.9...20220.400.190.2191.818.8116.1174.214202420.400.190.2191.417.9117.0174.9...Bahrain Bahreïn20101.210.750.46164.320.413.611 549.5...20151.370.850.52162.020.514.711 749.2...20221.530.950.58163.019.116.211 958.41202421.611.000.61163.418.716.712 052.4...Bangladesh Bangladesh2010152.2075.7176.4999.034.116.511 169.3...2015159.3878.5380.8697.131.217.611 224.4...2022169.3883.4085.9997.028.819.111 301.314820242173.5685.3488.2296.728.019.511 333.4...Barbados Barbade20100.280.130.1491.520.2116.61640.1...20150.280.130.1591.819.2118.61648.8...20220.280.140.1592.217.7122.41656.6~0202420.280.140.1592.117.2123.31656.9...Belarus Bélarus20109.494.415.0886.914.8119.0146.8...20159.494.415.0787.016.2120.4146.8...20229.174.274.9087.317.0124.0145.2208202429.064.224.8487.316.3125.0144.6...Belgium Belgique201010.945.375.5796.416.9123.01361.2...201511.285.555.7396.817.0124.11372.4...202211.645.745.9097.216.5126.21384.5312024211.745.795.9597.316.0127.21387.7...Belize
Belize20100.320.160.16100.335.515.9114.0...20150.360.180.18101.231.816.3115.6...20220.400.200.20101.527.617.5117.723202420.420.210.21101.826.618.0118.3...Benin
Bénin20109.804.884.9299.243.914.7186.9...201511.365.685.6899.943.414.71100.8...202213.766.906.86100.542.114.91122.01152024214.467.257.21100.641.615.01128.3...



Mid-year population estimates and projections (millions)
 Estimations et projections de population au milieu de l'année
	(millions)	

Sex Ratio
  (males per 100 females) Rapport
     des sexes (hommes pour 100
femmes)Population age distribution (percentage) Répartition par âge de la population
	(pourcentage)	



Country or area Pays ou zone



  Year Année




Total



    Male Hommes



Females FemmesAged 0
   to 14 years old âgée de 0 à 14
ansAged
60+
   years old âgée
 de 60 ans ou plus
Population
   density (per km2) Densité de population
(pour km2)

Surface area Superficie
(000 km2)Bermuda
Bermudes2010130.060.030.0398.916.6119.211 180.1...2015130.060.030.0398.515.3122.711 175.3...20220.06130.03130.031396.11314.11,1328.01,131 199.013~020242,130.060.030.0395.813.6129.911 197.0...Bhutan Bhoutan20100.700.380.32116.429.417.4118.3...20150.740.400.34116.627.018.3119.3...20220.780.420.36115.322.019.2120.338202420.790.420.37114.820.919.6120.6...Bolivia (Plurin. State of)
Bolivie (État plurin. de)201010.185.145.04101.934.417.919.4...201511.015.555.46101.632.618.1110.2...202212.086.056.02100.530.518.3111.11 099182024212.416.226.19100.429.818.5111.5...Bonaire, St. Eustatius & Saba
Bonaire, St- Eustache et Saba20100.020.010.01112.918.8114.0162.7...20150.020.010.01109.217.5116.6175.0...202420.030.020.01106.115.8121.7193.5...Bosnia and Herzegovina
Bosnie- Herzégovine20103.811.822.0091.015.6120.4174.4...20153.521.671.8590.614.3124.2168.7...20223.201.521.6890.713.4129.1162.651202423.161.511.6690.813.0130.2161.8...Botswana Botswana20102.031.001.0397.634.115.213.6...20152.201.091.1198.734.415.613.9...20222.441.221.2299.732.415.914.3582202422.521.261.2699.432.116.114.4...Brazil
Brésil2010193.7095.8497.8697.924.7110.0123.2...2015201.6899.59102.0997.622.4112.0124.1...2022210.31103.55106.7697.020.2115.1125.28 51620242212.00104.30107.7096.819.7116.1125.4...British Virgin Islands
Îles Vierges britanniques2010130.030.010.0196.322.119.61179.7...2015130.030.020.0290.519.4110.71224.0...20220.04130.02130.021388.61315.91,1314.01,13248.813~020242,130.040.020.0290.014.5115.01256.3...Brunei Darussalam Brunéi Darussalam20100.390.210.18112.425.315.5168.1...20150.420.220.20112.723.617.0173.2...20220.460.240.21113.621.2110.1179.06202420.460.250.22113.220.8110.9180.3...Bulgaria Bulgarie20107.443.623.8294.713.5125.3168.6...20157.183.493.6994.613.9127.2166.2...20226.833.303.5293.814.5128.4163.0110202426.763.273.4993.814.5128.6162.3...Burkina Faso Burkina Faso201016.188.038.1598.545.614.2159.1...201518.789.339.4598.845.514.1168.6...202222.5111.2111.3099.243.014.2182.32742024223.5511.7311.8299.341.814.3186.1...Burundi Burundi20109.384.644.7498.045.113.61361.3...201511.055.485.5798.447.013.71425.7...202213.326.626.7098.746.013.81513.3282024214.056.987.0798.744.713.91541.3...Cabo Verde Cabo Verde20100.510.260.25101.632.216.41126.5...20150.510.260.25102.528.817.51127.1...20220.520.260.26103.627.219.81129.04202420.520.270.26103.525.5110.61130.2...



Mid-year population estimates and projections (millions)
 Estimations et projections de population au milieu de l'année
	(millions)	

Sex Ratio
  (males per 100 females) Rapport
     des sexes (hommes pour 100
femmes)Population age distribution (percentage) Répartition par âge de la population
	(pourcentage)	



Country or area Pays ou zone



  Year Année




Total



    Male Hommes



Females FemmesAged 0
   to 14 years old âgée de 0 à 14
ansAged
60+
   years old âgée
 de 60 ans ou plus
Population
   density (per km2) Densité de population
(pour km2)

Surface area Superficie
(000 km2)Cambodia
Cambodge201014.507.077.4395.033.316.1180.1...201515.627.637.9995.431.917.2186.3...202217.208.428.7895.930.519.1195.01812024217.648.649.0096.129.819.6197.4...Cameroon Cameroun201019.679.809.8799.243.714.6142.2...201522.7611.3511.4299.443.214.4148.8...202227.6313.7713.8699.442.114.4159.34762024229.1214.5114.6199.341.414.4162.5...Canada Canada201034.2016.9417.2598.216.6119.913.8...201535.9617.8418.1298.416.2122.314.0...202238.8219.2819.5498.715.5125.714.39 9852024239.7419.7420.0198.615.1126.614.4...Cayman Islands Îles Caïmanes2010130.050.030.0397.318.218.51224.5...2015130.060.030.0399.417.719.91255.8...20220.07130.04130.0413101.01316.41,1313.01,13297.113~020242,130.070.040.04100.816.2114.51309.0...Central African Republic
République centrafricaine20104.492.212.2896.745.913.317.2...20154.632.272.3696.049.013.717.4...20225.102.462.6493.049.213.718.2623202425.332.562.7792.349.013.618.6...Chad
Tchad201012.316.166.16100.048.813.519.8...201514.657.347.31100.548.513.4111.6...202218.469.269.20100.747.413.4114.71 2842024220.3010.1810.12100.646.113.5116.1...Chile
Chili201017.188.548.6498.921.5114.1122.8...201518.058.989.0799.019.9116.0124.0...202219.559.729.8498.817.8118.6126.07562024219.769.829.9498.817.0119.6126.2...China
Chine2010191 351.56691.52660.04104.818.5112.81140.8...2015191 396.13714.29681.84104.818.3115.61145.4...20221 425.1819727.0919698.0919104.21917.11,1918.61,19148.5199 60020242,191 419.32723.02696.30103.816.0120.61147.8...China, Hong Kong SAR
Chine, RAS de Hong Kong20107.103.303.8086.912.2118.416 461.9...20157.373.364.0084.111.5121.816 702.8...20227.473.374.1082.210.9128.916 793.41202427.413.344.0782.010.5131.116 747.0...China, Macao SAR Chine, RAS de
Macao20100.560.270.2990.812.7111.1117 587.7...20150.620.290.3389.013.1114.2119 443.1...20220.700.330.3886.014.3119.4122 011.1~020202420.720.330.3985.413.9121.1122 508.2...Colombia Colombie201044.7822.1622.6198.027.518.9139.8...201546.9723.2223.7597.824.5110.8141.8...202251.7425.5326.2097.421.0113.6146.01 1422024252.8926.1026.7997.420.3114.6147.1...Comoros Comores20100.650.330.3399.241.615.91351.9...20150.730.360.36100.639.816.31390.5...20220.830.420.41101.237.716.61448.22202420.870.440.43101.237.116.71465.7...Congo
Congo20104.462.232.2399.940.414.2113.1...20155.102.552.55100.041.914.3114.9...20226.043.023.02100.041.314.8117.7342202426.333.173.17100.040.415.0118.5...



Mid-year population estimates and projections (millions)
 Estimations et projections de population au milieu de l'année
	(millions)	

Sex Ratio
  (males per 100 females) Rapport
     des sexes (hommes pour 100
femmes)Population age distribution (percentage) Répartition par âge de la population
	(pourcentage)	



Country or area Pays ou zone



  Year Année




Total



    Male Hommes



Females FemmesAged 0
   to 14 years old âgée de 0 à 14
ansAged
60+
   years old âgée
 de 60 ans ou plus
Population
   density (per km2) Densité de population
(pour km2)

Surface area Superficie
(000 km2)Cook Islands
Îles Cook2010210.020.010.0199.827.0112.3170.7...2015210.020.010.0196.625.1114.3172.7...20220.01210.01210.012196.72125.01,2117.91,2161.321~02220242,210.010.010.0195.924.3120.4157.2...Costa Rica Costa Rica20104.562.262.3098.124.9110.7189.2...20154.822.392.4398.122.5112.7194.4...20225.082.512.5797.819.8116.3199.551202425.132.532.6097.718.8117.51100.5...Côte d'Ivoire Côte d'Ivoire201022.4911.4011.09102.844.013.5170.7...201525.2512.9712.28105.642.214.0179.4...202230.4015.4914.90104.041.714.1195.63222024231.9316.2515.69103.640.914.31100.4...Croatia Croatie20104.302.072.2392.815.3123.9176.9...20154.182.012.1792.914.6126.2174.8...20223.911.882.0293.114.3129.9169.957202423.881.872.0193.213.9130.5169.3...Cuba
Cuba201011.305.625.6898.917.7117.51105.8...201511.285.595.6898.516.7119.41105.6...202211.065.465.6097.615.7122.11103.61102024210.985.425.5697.415.3124.01102.8...Curaçao Curaçao20100.160.070.0983.820.5117.81370.0...20150.170.080.0984.518.8120.21393.0...20220.190.090.1090.715.6122.61437.1~0202420.190.090.1090.814.9123.71437.5...Cyprus Chypre2010231.130.570.56102.617.0115.91122.1...2015231.220.620.60102.116.0117.31132.0...20221.33230.67230.6623101.62316.01,2319.41,23144.123920242,231.360.680.67101.516.1120.01147.0...Czechia Tchéquie201010.465.135.3396.314.4122.51135.5...201510.525.185.3596.815.3125.01136.3...202210.675.265.4197.215.9126.11138.2792024210.745.295.4497.315.4126.51139.1...Dem. People's Rep. Korea
Rép. pop. dém. de Corée201024.9912.2212.7795.721.6114.21207.5...201525.5812.5613.0196.519.8114.51212.4...202226.3313.0013.3397.619.0117.21218.71212024226.5013.1113.3997.918.9118.11220.1...Dem. Rep. of the Congo
Rép. dém. du Congo201068.5633.9634.6098.246.114.9130.2...201581.0440.1840.8698.346.014.9135.7...2022102.4050.8051.6098.446.114.8145.22 34520242109.2854.2255.0698.546.014.8148.2...Denmark Danemark2010245.552.752.8098.318.0123.21130.9...2015245.682.822.8698.816.9124.61134.1...20225.90242.94242.972498.92416.01,2426.41,24139.224432520242,245.982.973.0198.815.7127.11141.0...Djibouti Djibouti20100.930.460.4798.836.415.9140.1...20151.020.510.5198.734.016.3144.0...20221.140.560.5798.430.017.2149.123202421.170.580.5998.329.217.6150.4...Dominica Dominique20100.070.030.03100.023.5114.7191.8...20150.070.040.0499.221.7113.5193.9...20220.070.030.03100.518.3118.3189.11202420.070.030.03100.017.9118.9188.3...



Mid-year population estimates and projections (millions)
 Estimations et projections de population au milieu de l'année
	(millions)	

Sex Ratio
  (males per 100 females) Rapport
     des sexes (hommes pour 100
femmes)Population age distribution (percentage) Répartition par âge de la population
	(pourcentage)	



Country or area Pays ou zone



  Year Année




Total



    Male Hommes



Females FemmesAged 0
   to 14 years old âgée de 0 à 14
ansAged
60+
   years old âgée
 de 60 ans ou plus
Population
   density (per km2) Densité de population
(pour km2)

Surface area Superficie
(000 km2)Dominican Republic
République dominicaine20109.824.904.9299.830.917.51203.3...201510.435.205.2399.529.218.81216.0...202211.235.595.6499.027.2111.11232.5492024211.435.685.7598.926.6111.81236.5...Ecuador Équateur201015.087.537.5599.831.318.6160.7...201516.278.138.1499.829.019.8165.5...202217.828.898.9499.525.5111.3171.82572024218.149.049.0999.424.5112.0173.0...Egypt
Égypte201089.2045.1044.09102.333.916.4189.6...201599.6050.3149.28102.134.116.91100.1...2022112.6256.8755.75102.032.917.81113.11 00220242116.5458.8457.70102.032.018.21117.1...El Salvador El Salvador20106.072.893.1891.132.019.51292.9...20156.182.953.2491.028.6110.11298.4...20226.282.983.3090.525.6111.21303.121202426.343.013.3390.524.8111.61305.9...Equatorial Guinea Guinée équatoriale20101.190.620.57109.538.315.2142.4...20151.450.770.69111.938.315.4151.8...20221.800.950.85112.037.715.8164.328202421.891.000.89111.537.316.1167.5...Eritrea
Érythrée20102.951.451.5096.742.615.6124.3...20153.111.531.5897.042.115.8125.6...20223.411.681.7397.339.216.3128.1121202423.541.751.7997.538.116.4129.2...Estonia Estonie20101.330.620.7187.215.2123.3130.6...20151.310.620.7088.116.0125.2130.2...20221.350.640.7190.316.2127.1131.145202421.360.650.7190.615.6127.7131.3...Eswatini Eswatini20101.110.530.5892.738.814.8164.0...20151.140.560.5994.836.815.3165.8...20221.220.600.6296.434.016.2170.217202421.240.610.6396.533.416.4171.6...Ethiopia Éthiopie201090.5445.4245.12100.745.714.4190.5...2015103.8752.1251.75100.742.914.51103.9...2022125.3862.8462.54100.539.715.01125.41 10420242132.0666.1765.89100.439.115.11132.1...Falkland Islands (Malvinas)
Îles Falkland (Malvinas)201026~0.00~0.00~0.00100.017.7115.710.3...201526~0.00~0.00~0.0099.017.8114.710.3...2022~0.0026~0.0026~0.002697.52616.11,2617.51,260.326122720242,26~0.00~0.00~0.0097.516.3119.410.3...Faroe Islands Îles Féroé2010280.050.020.02106.521.7120.6134.8...2015280.050.030.02106.721.1122.7135.3...20220.05280.03280.0328107.32820.41,2823.51,2839.028120242,280.060.030.03106.920.0123.4140.0...Fiji
Fidji20100.910.460.45101.930.817.4149.8...20150.920.460.46100.329.618.3150.3...20220.920.460.4698.527.7110.1150.318202420.930.460.4798.527.1110.5150.8...Finland Finlande2010295.362.632.7396.416.6124.7117.7...2015295.482.702.7896.916.4127.0118.1...20225.57292.75292.822997.82915.21,2929.61,2918.4293373020242,295.622.782.8497.714.6130.4118.6...



Mid-year population estimates and projections (millions)
 Estimations et projections de population au milieu de l'année
	(millions)	

Sex Ratio
  (males per 100 females) Rapport
     des sexes (hommes pour 100
femmes)Population age distribution (percentage) Répartition par âge de la population
	(pourcentage)	



Country or area Pays ou zone



  Year Année




Total



    Male Hommes



Females FemmesAged 0
   to 14 years old âgée de 0 à 14
ansAged
60+
   years old âgée
 de 60 ans ou plus
Population
   density (per km2) Densité de population
(pour km2)

Surface area Superficie
(000 km2)France
France20103163.4230.7132.7193.918.5123.01115.0...20153164.9231.4233.5093.818.2125.01117.7...202266.283132.123134.163194.03117.01,3127.61,31120.23155220242,3166.5532.2634.2994.116.5128.41120.7...French Guiana Guyane française2010320.230.120.1298.636.616.312.9...2015320.270.130.1397.835.317.613.2...20220.30320.14320.153293.03231.41,3210.21,323.6328420242,320.310.150.1692.831.1110.813.8...French Polynesia Polynésie française2010320.270.140.13102.525.919.3173.4...2015320.280.140.14101.324.1111.1175.4...20220.28320.14320.1432102.53220.31,3215.11,3276.13243320242,320.280.140.14102.319.1116.7176.5...Gabon Gabon20101.720.870.85101.837.316.216.7...20152.041.041.00104.136.616.017.9...20222.431.241.20103.436.816.119.4268202422.541.291.25103.136.516.319.9...Gambia Gambie20101.930.960.9798.444.514.11190.4...20152.221.111.1298.843.614.11219.8...20222.641.311.3299.141.214.91260.511202422.761.371.3999.240.215.21272.7...Georgia Géorgie2010343.901.802.0986.118.6118.2156.1...2015343.791.772.0287.319.4119.7154.6...20223.79341.77342.033487.23421.21,3421.51,3454.6347020242,343.811.772.0387.320.8122.0154.8...Germany Allemagne201080.8339.3841.4595.013.7126.01231.9...201582.0840.4041.6896.913.2127.41235.5...202284.0941.5142.5797.513.9129.81241.23582024284.5541.7542.8097.613.9131.01242.6...Ghana Ghana201025.4812.7212.7599.839.115.01112.0...201528.7014.3414.3699.938.615.11126.1...202233.1516.5616.5999.836.515.71145.72392024234.4317.1917.2399.835.816.11151.3...Gibraltar Gibraltar2010130.030.020.0299.918.3122.013 124.8...2015130.030.020.0299.818.2123.113 319.3...20220.04130.02130.021399.01318.01,1323.11,133 761.013~020242,130.040.020.0299.117.6123.413 932.9...Greece Grèce201011.125.455.6895.914.6124.9185.0...201510.825.235.5993.414.5127.0182.7...202210.415.045.3793.913.8129.8179.61322024210.054.875.1893.913.2130.7176.8...Greenland Groenland2010280.060.030.03113.022.5110.810.1...2015280.060.030.03112.021.1112.710.1...20220.06280.03280.0328111.42820.81,2816.41,280.1282 16620242,280.060.030.03110.920.8118.210.1...Grenada Grenade20100.110.060.05103.524.0112.91328.2...20150.110.060.06102.622.4114.11337.3...20220.120.060.06101.020.2116.81343.9~0202420.120.060.06100.519.4117.61344.7...Guadeloupe Guadeloupe2010320.410.190.2287.023.1118.51251.1...2015320.400.190.2285.521.2122.21248.1...20220.38320.17320.213283.13216.81,3229.71,32236.332220242,320.380.170.2182.516.3132.01230.4...



Mid-year population estimates and projections (millions)
 Estimations et projections de population au milieu de l'année
	(millions)	

Sex Ratio
  (males per 100 females) Rapport
     des sexes (hommes pour 100
femmes)Population age distribution (percentage) Répartition par âge de la population
	(pourcentage)	



Country or area Pays ou zone



  Year Année




Total



    Male Hommes



Females FemmesAged 0
   to 14 years old âgée de 0 à 14
ansAged
60+
   years old âgée
 de 60 ans ou plus
Population
   density (per km2) Densité de population
(pour km2)

Surface area Superficie
(000 km2)Guam
Guam2010120.170.090.08105.127.8110.51307.8...2015120.160.080.08104.426.1113.01304.8...20220.17120.08120.0812103.01226.01,1217.01,12305.312120242,120.170.090.08102.726.0118.11310.1...Guatemala Guatemala201014.507.207.3098.639.315.81135.3...201515.977.938.0498.636.416.31149.0...202217.858.859.0098.432.716.91166.61092024218.419.139.2898.431.617.11171.8...Guernsey 13
Guernesey 1320100.060.030.0396.615.5123.51961.1...20150.060.030.0398.015.1124.91972.5...202420.060.030.0397.714.0129.011 004.4...Guinea Guinée201010.405.095.3096.044.515.5142.3...201511.775.785.9996.443.315.3147.9...202214.066.947.1197.641.615.3157.22462024214.757.307.4598.040.915.3160.0...Guinea-Bissau Guinée-Bissau20101.570.770.8096.043.214.5155.7...20151.790.880.9196.842.214.6163.5...20222.111.041.0797.539.714.8174.936202422.201.091.1197.738.814.9178.3...Guyana Guyana20100.750.370.3899.132.217.213.8...20150.760.370.3996.430.318.313.9...20220.820.400.4295.029.419.914.2215202420.830.400.4394.929.2110.514.2...Haiti
Haïti20109.804.874.9398.836.216.11355.6...201510.525.235.3098.734.316.41381.7...202211.505.705.8198.231.917.11417.3282024211.775.835.9598.031.217.31427.0...Honduras Honduras20108.374.224.15101.738.114.9176.7...20159.244.664.58101.734.915.6184.7...202210.465.275.19101.431.416.5195.91122024210.835.455.38101.430.616.8199.3...Hungary Hongrie20109.984.745.2490.514.7122.51110.2...20159.844.695.1591.114.5125.31108.7...20229.684.655.0492.214.6126.51107.093202429.684.655.0392.414.4126.61106.9...Iceland Islande20100.320.160.16101.220.9117.013.2...20150.330.170.16101.020.2119.113.3...20220.380.190.19105.018.4120.613.8103202420.390.200.19104.917.8121.113.9...India
Inde20101 243.48643.10600.38107.131.317.51418.2...20151 328.02686.30641.73106.928.918.61446.7...20221 425.42735.53689.89106.625.5110.21479.43 287202421 450.94748.32702.61106.524.6110.81488.0...Indonesia Indonésie2010246.31123.64122.66100.827.918.61128.9...2015261.80131.51130.29100.927.019.21137.0...2022278.83140.07138.76100.925.3110.81145.91 91120242283.49142.41141.08100.924.6111.51148.4...Iran (Islamic Republic of)
Iran (Rép. islamique d')201077.4239.5437.88104.423.417.8147.5...201582.6242.1140.51103.923.619.3150.7...202289.5245.5344.00103.523.2111.5155.01 6312024291.5746.5345.04103.322.4112.2156.2...Iraq
Iraq201031.0515.4615.5899.241.214.6171.5...201537.5618.7818.78100.040.414.9186.5...202244.0722.1021.97100.637.615.11101.54352024246.0423.1122.93100.836.615.51106.1...



Mid-year population estimates and projections (millions)
 Estimations et projections de population au milieu de l'année
	(millions)	

Sex Ratio
  (males per 100 females) Rapport
     des sexes (hommes pour 100
femmes)Population age distribution (percentage) Répartition par âge de la population
	(pourcentage)	



Country or area Pays ou zone



  Year Année




Total



    Male Hommes



Females FemmesAged 0
   to 14 years old âgée de 0 à 14
ansAged
60+
   years old âgée
 de 60 ans ou plus
Population
   density (per km2) Densité de population
(pour km2)

Surface area Superficie
(000 km2)Ireland
Irlande20104.562.262.2998.721.1116.1166.7...20154.702.332.3897.921.3118.0168.8...20225.112.532.5898.119.5120.5174.770202425.262.602.6598.018.6121.4176.9...Isle of Man Île de Man2010130.080.040.0498.616.7124.41146.6...2015130.080.040.0498.316.1126.51146.1...20220.08130.04130.041398.21314.81,1329.31,13147.113120242,130.080.040.0498.114.2130.61147.1...Israel
Israël20107.343.633.7197.928.0114.21339.0...20158.053.994.0698.228.2115.41372.1...20229.104.534.5799.027.8116.31420.622202429.394.674.7199.227.4116.51433.7...Italy
Italie201060.1629.1531.0294.014.0126.71203.3...201560.5829.4031.1794.313.7128.11204.7...202259.6229.1130.5195.412.4130.91201.43022024259.3429.0030.3495.611.9132.11200.5...Jamaica Jamaïque20102.751.361.3998.426.918.71253.8...20152.801.391.4198.423.419.51258.8...20222.841.411.4398.019.6112.01262.211202422.841.401.4497.818.7113.01262.2...Japan
Japon2010128.1962.7165.4895.813.4131.21340.2...2015127.2862.2065.0795.612.8133.61337.8...2022125.0061.0363.9795.411.9135.41331.73783520242123.7560.3763.3895.311.4135.91328.4...Jersey 13
Jersey 1320100.100.050.0597.415.6120.41837.1...20150.100.050.0597.715.7122.01872.6...202420.100.050.0597.414.3126.21895.2...Jordan Jordanie20107.303.783.52107.236.015.3182.2...20159.544.954.59107.834.815.21107.5...202211.265.815.44106.831.916.71126.8892024211.555.965.60106.530.717.31130.1...Kazakhstan Kazakhstan201016.848.058.7991.625.419.616.2...201518.088.679.4292.027.7110.616.7...202220.039.7510.2994.829.6112.617.42 7252024220.5910.0310.5695.029.4113.217.6...Kenya
Kenya201041.6020.7320.8799.343.613.3171.6...201547.0923.4623.6399.342.013.7181.1...202254.2526.9827.2798.938.114.6193.45922024256.4328.0628.3898.936.814.8197.2...Kiribati Kiribati20100.110.050.0695.036.615.51149.7...20150.120.060.0693.335.215.81160.9...20220.130.060.0793.835.116.71179.7136202420.130.070.0794.334.717.21185.3...Kosovo 37
Kosovo 3720101.790.880.9196.728.019.71164.0...20151.780.870.9096.725.9111.01163.1...202421.680.830.8696.820.7114.81154.5...Kuwait Koweït20102.941.681.27132.223.013.21165.2...20153.832.251.58142.421.814.61215.2...20224.592.801.79156.819.215.11257.618202424.933.021.92157.218.215.91276.9...Kyrgyzstan Kirghizistan20105.492.712.7897.430.316.5128.6...20156.002.983.0298.831.818.1131.3...20226.963.443.5297.832.918.9136.3200202427.193.553.6397.832.319.5137.5...



Mid-year population estimates and projections (millions)
 Estimations et projections de population au milieu de l'année
	(millions)	

Sex Ratio
  (males per 100 females) Rapport
     des sexes (hommes pour 100
femmes)Population age distribution (percentage) Répartition par âge de la population
	(pourcentage)	



Country or area Pays ou zone



  Year Année




Total



    Male Hommes



Females FemmesAged 0
   to 14 years old âgée de 0 à 14
ansAged
60+
   years old âgée
 de 60 ans ou plus
Population
   density (per km2) Densité de population
(pour km2)

Surface area Superficie
(000 km2)Lao People's Dem.
Rep.
Rép. dém. populaire lao20106.333.193.15101.336.315.7127.4...20156.803.423.38101.233.216.3129.5...20227.563.803.76101.030.917.1132.8237202427.773.903.87101.030.217.5133.7...Latvia
Lettonie20102.100.961.1484.314.2123.8133.7...20151.980.911.0784.815.1125.7131.8...20221.880.871.0186.215.9128.2130.265202421.870.871.0086.415.4128.8130.1...Lebanon Liban20105.042.512.5399.026.418.81492.8...20156.473.223.2598.925.8110.61632.7...20225.742.792.9594.527.2113.91561.510202425.812.822.9894.726.2114.71567.5...Lesotho Lesotho20102.000.971.0394.536.516.2165.8...20152.101.021.0894.536.615.8169.3...20222.291.111.1794.935.315.8175.330202422.341.141.2095.034.515.8177.0...Liberia Libéria20104.062.022.0498.743.115.1142.1...20154.662.322.3499.142.415.0148.4...20225.372.682.6999.640.515.2155.8111202425.612.802.8199.739.515.3158.3...Libya
Libye20106.503.333.17105.029.915.913.9...20156.533.343.19104.631.016.513.9...20227.223.673.55103.528.517.614.31 676202427.383.753.63103.427.418.214.4...Liechtenstein Liechtenstein20100.040.020.0298.116.1120.01225.0...20150.040.020.0298.615.0122.71233.8...20220.040.020.0298.614.4126.91245.7~0202420.040.020.0298.714.3128.41249.2...Lithuania Lituanie20103.101.431.6785.614.9122.8149.5...20152.911.341.5785.414.6124.8146.4...20222.821.331.4989.015.0127.4145.065202422.861.351.5189.414.7127.4145.7...Luxembourg Luxembourg20100.510.250.2698.917.7119.01195.9...20150.570.290.28100.616.6119.31219.9...20220.650.330.32101.415.9120.61252.23202420.670.340.33101.315.8121.51259.9...Madagascar Madagascar201022.1811.1311.06100.644.014.2138.1...201525.4312.7512.67100.642.014.7143.7...202230.4415.2715.17100.639.915.2152.35872024231.9716.0315.93100.639.315.4154.9...Malawi Malawi201014.837.207.6394.346.215.11156.8...201517.098.328.7794.845.414.31180.7...202220.5710.0310.5495.241.914.01217.51182024221.6610.5711.0995.340.714.01229.0...Malaysia Malaisie20103828.6614.8913.77108.227.917.7187.2...20153831.2316.3514.88109.925.819.0195.1...202234.703818.203816.4938110.43822.81,3810.91,38105.63833120242,3835.5618.6216.94109.921.8111.61108.2...Maldives Maldives20100.360.200.16126.925.716.011 202.6...20150.430.250.18144.223.215.711 427.2...20220.520.330.20164.820.416.711 747.0~0202420.530.330.20162.619.617.511 759.3...



Mid-year population estimates and projections (millions)
 Estimations et projections de population au milieu de l'année
	(millions)	

Sex Ratio
  (males per 100 females) Rapport
     des sexes (hommes pour 100
femmes)Population age distribution (percentage) Répartition par âge de la population
	(pourcentage)	



Country or area Pays ou zone



  Year Année




Total



    Male Hommes



Females FemmesAged 0
   to 14 years old âgée de 0 à 14
ansAged
60+
   years old âgée
 de 60 ans ou plus
Population
   density (per km2) Densité de population
(pour km2)

Surface area Superficie
(000 km2)Mali
Mali201015.958.057.90101.947.114.3113.1...201518.599.399.21102.048.014.1115.2...202223.0711.6411.43101.946.813.8118.91 2402024224.4812.3512.13101.846.113.7120.1...Malta
Malte20100.420.210.2198.815.2122.411 341.7...20150.450.220.22100.914.2124.811 412.6...20220.530.270.25107.913.2125.211 676.8~0202420.540.280.26107.913.0126.011 713.0...Marshall Islands Îles Marshall20100.050.030.03104.939.713.91289.1...20150.050.030.02105.337.515.21271.1...20220.040.020.02105.134.616.81222.7~0202420.040.020.02105.134.517.71208.6...Martinique Martinique2010320.400.180.2186.420.5120.31374.9...2015320.380.180.2186.418.8124.31362.0...20220.35320.16320.193283.63215.21,3232.01,32329.732120242,320.340.160.1983.114.9134.31323.8...Mauritania Mauritanie20103.391.661.7395.743.915.313.3...20153.971.932.0395.044.315.313.8...20224.882.392.4996.043.415.014.71 031202425.172.542.6396.342.715.115.0...Mauritius Maurice2010391.280.640.64100.821.1111.11631.9...2015391.290.650.64100.718.9114.01636.6...20221.28390.64390.6439100.33915.51,3918.41,39628.63924020242,391.270.630.6499.714.8119.91626.2...Mayotte 32
Mayotte 3220100.210.100.1191.144.813.91553.1...20150.250.120.1389.145.014.21654.9...202420.330.160.1791.643.114.41870.7...Mexico Mexique2010113.6255.5158.1195.529.818.8158.0...2015121.0759.0762.0195.328.019.8161.8...2022128.6162.4066.2194.225.3111.5165.61 96420242130.8663.4667.4094.224.5112.2166.8...Micronesia (Fed. States of)
Micronésie (États féd. de)20100.110.050.0599.335.715.51153.6...20150.110.050.0599.234.016.91155.3...20220.110.060.0698.932.318.91160.21202420.110.060.0698.731.819.31161.7...Monaco Monaco20100.030.020.0295.213.2134.3122 257.4...20150.040.020.0296.012.3140.7124 669.1...20220.040.020.0296.012.9144.5126 128.5~0202420.040.020.0295.813.5143.5125 926.8...Mongolia Mongolie20102.701.341.3698.327.915.611.7...20152.981.481.5098.329.516.011.9...20223.391.691.7099.732.918.012.21 564202423.481.731.7499.432.218.712.2...Montenegro Monténégro20100.630.300.3392.619.2118.3145.8...20150.630.300.3393.018.6120.6145.5...20220.610.300.3292.718.5123.6144.514202420.640.310.3392.818.1124.2146.2...Montserrat Montserrat201013~0.00~0.00~0.00108.520.0118.6146.5...201513~0.00~0.00~0.00105.717.7121.0145.4...2022~0.0013~0.0013~0.0013100.11317.01,1325.51,1343.213~020242,13~0.00~0.00~0.0099.216.3126.6142.6...Morocco Maroc201032.4716.3516.12101.429.217.8172.7...201534.6117.4617.15101.828.119.2177.5...202237.3318.8418.49101.926.4111.6183.64472024238.0819.2018.88101.725.6112.3185.3...



Mid-year population estimates and projections (millions)
 Estimations et projections de population au milieu de l'année
	(millions)	

Sex Ratio
  (males per 100 females) Rapport
     des sexes (hommes pour 100
femmes)Population age distribution (percentage) Répartition par âge de la population
	(pourcentage)	



Country or area Pays ou zone



  Year Année




Total



    Male Hommes



Females FemmesAged 0
   to 14 years old âgée de 0 à 14
ansAged
60+
   years old âgée
 de 60 ans ou plus
Population
   density (per km2) Densité de population
(pour km2)

Surface area Superficie
(000 km2)Mozambique
Mozambique201023.0011.0611.9492.645.814.5129.2...201526.5512.8013.7593.145.714.5133.8...202232.6615.8216.8394.045.014.2141.57992024234.6316.8017.8394.244.514.1144.0...Myanmar Myanmar201049.0224.5024.5399.928.218.0175.0...201551.0925.5025.5999.626.519.1178.2...202253.7626.7826.9899.324.7110.8182.36772024254.5027.1327.3799.124.3111.4183.4...Namibia Namibie20102.111.021.0993.536.815.312.6...20152.371.151.2294.436.515.412.9...20222.891.411.4895.437.515.713.5825202423.031.481.5595.537.015.913.7...Nauru
Nauru20100.010.01~0.00104.336.312.81502.2...20150.010.010.01104.738.213.51547.7...20220.010.010.01103.838.314.61590.1~0202420.010.010.01103.737.815.11597.3...Nepal
Népal201027.3413.4113.9496.236.017.41185.8...201527.8213.4214.4093.233.018.41189.0...202229.7214.3515.3793.328.919.21201.91472024229.6514.2015.4591.928.419.61201.5...Netherlands (Kingdom of the)
Pays-Bas (Royaume des)20104116.778.298.4997.717.6121.71498.1...20154117.118.468.6497.916.6123.91508.1...202217.90418.89419.014198.64115.41,4126.61,41531.7414220242,4118.239.069.1798.715.0127.31541.4...New Caledonia Nouvelle-Calédonie2010320.260.130.13100.825.8111.3114.3...2015320.280.140.1499.624.2112.6115.5...20220.29320.14320.153297.33221.81,3215.51,3215.7321920242,320.290.140.1597.321.3116.4116.0...New Zealand Nouvelle-Zélande2010424.352.132.2295.720.9118.3116.4...2015424.612.272.3497.019.9120.0117.4...20225.13422.55422.584298.64218.61,4222.41,4219.44226820242,425.212.592.6298.818.1123.3119.7...Nicaragua Nicaragua20105.742.822.9296.534.216.4147.7...20156.153.023.1396.632.217.0151.1...20226.733.313.4296.729.617.9155.9130202426.923.403.5196.828.818.3157.5...Niger
Niger201016.558.398.16102.849.413.9113.1...201519.9410.129.82103.149.214.0115.7...202225.3112.8512.46103.147.314.1120.01 2672024227.0313.7313.31103.146.614.2121.3...Nigeria Nigéria2010166.6483.8982.75101.444.414.81183.0...2015190.6796.1594.52101.744.314.71209.4...2022223.15112.78110.37102.242.014.81245.092420242232.68117.67115.01102.341.014.91255.5...Niue
Nioué201021~0.00~0.00~0.0097.926.1116.716.8...201521~0.00~0.00~0.0093.326.1119.116.8...2022~0.0021~0.0021~0.002192.52123.71,2123.31,217.021~020242,21~0.00~0.00~0.0093.022.9123.117.0...North Macedonia Macédoine du Nord20102.051.011.0496.419.3116.7182.3...20151.980.971.0196.318.0119.5179.5...20221.840.900.9594.717.2123.7173.926202421.820.890.9494.716.8124.7173.2...



Mid-year population estimates and projections (millions)
 Estimations et projections de population au milieu de l'année
	(millions)	

Sex Ratio
  (males per 100 females) Rapport
     des sexes (hommes pour 100
femmes)Population age distribution (percentage) Répartition par âge de la population
	(pourcentage)	



Country or area Pays ou zone



  Year Année




Total



    Male Hommes



Females FemmesAged 0
   to 14 years old âgée de 0 à 14
ansAged
60+
   years old âgée
 de 60 ans ou plus
Population
   density (per km2) Densité de population
(pour km2)

Surface area Superficie
(000 km2)Northern Mariana
Islands
Îles Mariannes du Nord2010120.050.030.03106.026.515.91118.4...2015120.050.030.02108.825.318.61112.7...20220.05120.02120.0212111.31222.91,1214.01,12100.812~020242,120.040.020.02111.922.0116.8196.9...Norway Norvège2010434.892.442.4599.918.8120.9116.1...2015435.192.612.58101.318.0121.8117.1...20225.46432.75432.7143101.74316.81,4324.11,4317.94332420242,435.582.812.77101.616.2124.6118.3...Oman
Oman20102.761.611.15139.527.914.118.9...20154.182.711.47183.922.214.0113.5...20224.732.911.82160.126.214.3115.3310202425.283.292.00164.624.714.3117.1...Other non-specified areas 44
Autres zones non- spécifiées 44201023.2211.7211.51101.815.5115.01655.9...201523.5311.7711.76100.113.7118.81664.5...2024223.2111.4911.7298.011.7126.91655.6...Pakistan Pakistan2010199.24102.2397.00105.439.315.61258.5...2015217.29111.19106.10104.838.815.91281.9...2022243.70124.07119.63103.737.316.51316.179620242251.27127.43123.84102.936.716.71326.0...Palau
Palaos20100.020.010.01113.321.019.9140.0...20150.020.010.01114.920.3112.4138.6...20220.020.010.01117.118.8116.5138.6~0202420.020.010.01116.718.2117.8138.5...Panama Panama20103.631.821.81100.629.219.2148.9...20153.961.981.98100.327.9110.5153.4...20224.402.202.20100.125.7112.7159.375202424.522.262.26100.024.9113.5160.9...Papua New Guinea
Papouasie-Nvl- Guinée20107.633.973.67108.337.514.4116.9...20158.744.534.21107.636.214.7119.3...202210.205.264.95106.334.115.6122.54632024210.585.445.14105.933.515.9123.4...Paraguay Paraguay20105.742.892.85101.632.517.4114.2...20156.163.103.06101.330.218.2115.2...20226.763.393.37100.728.919.4116.7407202426.933.473.46100.628.619.9117.1...Peru
Pérou201029.0914.5514.54100.129.3110.2122.7...201530.4615.1915.2699.527.5111.6123.8...202233.4816.6516.8299.024.8112.5126.21 2852024234.2217.0217.2098.924.0113.0126.7...Philippines Philippines201096.3448.2948.04100.535.615.31321.1...2015105.3152.8452.48100.733.516.21351.0...2022113.9656.8557.1299.529.318.21379.930020242115.8457.7858.0699.527.918.81386.1...Poland Pologne201038.1018.3619.7493.015.1119.41124.4...201538.2718.5519.7194.115.1122.31125.0...202238.3918.6019.7894.015.3125.61125.43132024238.5418.6719.8794.014.8126.31125.9...Portugal Portugal201010.585.065.5291.715.2124.31115.0...201510.374.925.4590.414.3126.91112.7...202210.424.965.4591.013.0130.61113.2922024210.434.975.4691.012.8131.51113.3...



Mid-year population estimates and projections (millions)
 Estimations et projections de population au milieu de l'année
	(millions)	

Sex Ratio
  (males per 100 females) Rapport
     des sexes (hommes pour 100
femmes)Population age distribution (percentage) Répartition par âge de la population
	(pourcentage)	



Country or area Pays ou zone



  Year Année




Total



    Male Hommes



Females FemmesAged 0
   to 14 years old âgée de 0 à 14
ansAged
60+
   years old âgée
 de 60 ans ou plus
Population
   density (per km2) Densité de population
(pour km2)

Surface area Superficie
(000 km2)Puerto Rico
Porto Rico2010123.711.781.9492.019.5120.61427.4...2015123.521.681.8491.016.4124.41405.2...20223.24121.53121.711289.21212.41,1230.91,12372.912920242,123.241.531.7289.011.6131.81373.0...Qatar
Qatar20101.711.290.42307.513.911.81147.5...20152.431.830.60304.513.912.31209.5...20222.892.080.81255.215.212.91249.712202423.052.170.88248.215.113.51263.1...Republic of Korea
République de Corée201048.7724.7624.01103.116.4115.41492.9...201550.9825.5825.41100.713.8118.31515.3...202251.7825.8425.9499.611.4125.51523.41002024251.7225.8125.9099.710.6127.41522.7...Republic of Moldova
République de Moldova2010453.631.691.9586.617.5115.31110.5...2015453.291.531.7686.618.2118.11100.0...20223.04451.40451.644585.34520.11,4522.41,4592.5453420242,453.041.401.6485.219.8123.0192.3...Réunion Réunion2010320.840.400.4491.426.6112.11337.8...2015320.870.410.4590.624.6115.11346.0...20220.87320.41320.463290.63221.51,3220.41,32348.632320242,320.880.420.4690.520.8122.11351.4...Romania Roumanie201020.439.8510.5893.015.7121.6188.8...201519.879.6010.2793.615.7123.9186.4...202219.179.289.8893.916.0125.4183.32382024219.029.219.8193.915.7125.3182.6...Russian Federation Fédération de Russie2010143.9366.5877.3686.115.2117.918.8...2015145.3167.3777.9486.416.9119.918.9...2022145.5867.6377.9586.817.7123.118.917 09820242144.8267.2177.6286.617.3124.018.8...Rwanda Rwanda201010.324.985.3493.242.414.21426.2...201511.645.646.0094.241.114.81480.8...202213.656.657.0095.038.216.01563.9262024214.266.957.3095.237.416.11588.9...Saint Barthélemy 32
Saint-Barthélemy 3220100.01~0.00~0.00113.215.9112.91407.5...20150.010.01~0.00111.715.8113.91435.9...202420.010.010.0188.319.1124.41511.7...Saint Helena Sainte-Hélène2010460.01~0.00~0.00107.014.3126.7113.7...2015460.01~0.00~0.00112.313.7127.8114.1...20220.0146~0.0046~0.0046101.04613.91,4634.81,4613.746~047,4820242,460.01~0.00~0.0099.213.7136.0113.4...Saint Kitts and Nevis Saint-Kitts-et-Nevis20100.050.020.0296.423.3110.21180.2...20150.050.020.0295.120.6111.91181.1...20220.050.020.0292.318.6116.21179.7~0202420.050.020.0291.818.2117.11180.2...Saint Lucia Sainte-Lucie20100.170.090.09100.024.3110.61277.4...20150.170.090.0999.320.9111.61283.9...20220.180.090.0997.918.2113.91290.21202420.180.090.0997.517.5114.91291.8...Saint Martin (French part) 32
St-Martin (partie française) 3220100.040.020.0288.027.318.91695.4...20150.040.020.0288.126.5111.71705.1...202420.030.010.0186.921.3125.81493.0...Saint Pierre and Miquelon
Saint-Pierre-et- Miquelon2010320.01~0.00~0.00100.617.9120.0126.2...2015320.01~0.00~0.0098.117.6123.0125.9...20220.0132~0.0032~0.003298.03215.11,3227.11,3224.932~020242,320.01~0.00~0.0097.613.7128.5124.5...



Mid-year population estimates and projections (millions)
 Estimations et projections de population au milieu de l'année
	(millions)	

Sex Ratio
  (males per 100 females) Rapport
     des sexes (hommes pour 100
femmes)Population age distribution (percentage) Répartition par âge de la population
	(pourcentage)	



Country or area Pays ou zone



  Year Année




Total



    Male Hommes



Females FemmesAged 0
   to 14 years old âgée de 0 à 14
ansAged
60+
   years old âgée
 de 60 ans ou plus
Population
   density (per km2) Densité de population
(pour km2)

Surface area Superficie
(000 km2)Saint Vincent &
Grenadines
Saint-Vincent- Grenadines20100.110.060.05106.225.7111.71281.9...20150.110.060.05106.023.7113.41274.3...20220.100.050.05104.321.9116.81261.7~0202420.100.050.05103.821.3117.81258.0...Samoa Samoa20100.190.100.09104.738.417.0168.2...20150.200.100.10103.538.117.4171.3...20220.220.110.11101.338.818.7176.13202420.220.110.11101.438.519.2177.0...San Marino Saint-Marin20100.030.010.0292.715.4122.71502.0...20150.030.020.0294.114.9124.31555.8...20220.030.020.0296.113.0128.21558.9~0202420.030.020.0296.712.3130.51550.5...Sao Tome and Principe
Sao Tomé-et- Principe20100.180.090.0999.242.115.11189.4...20150.200.100.1099.441.915.31208.6...20220.230.110.1199.038.816.01235.71202420.240.120.1298.837.816.11245.4...Saudi Arabia Arabie saoudite201025.1615.379.78157.127.613.8111.7...201529.9718.8211.16168.625.113.7113.9...202232.1819.5412.63154.724.614.7115.02 2072024233.9620.5613.40153.423.815.2115.8...Senegal Sénégal201012.646.266.3798.242.715.4165.6...201514.597.297.3199.742.415.3175.8...202217.658.988.67103.539.215.5191.71972024218.509.419.10103.438.215.6196.1...Serbia
Serbie2010497.403.523.8890.814.5123.9196.4...2015497.183.423.7690.914.3126.9193.5...20226.79493.23493.564990.84914.41,4929.01,4988.5498820242,496.743.203.5490.314.3129.5187.8...Seychelles Seychelles20100.100.050.05110.422.5110.01207.8...20150.110.060.05116.321.4110.21234.6...20220.130.070.06122.620.3112.71274.7~0202420.130.070.06123.020.0113.21285.4...Sierra Leone Sierra Leone20106.223.093.1398.643.215.1186.7...20157.043.503.5499.041.814.9198.1...20228.284.134.1599.539.015.11115.472202428.644.314.3399.538.115.21120.5...Singapore Singapour20105.082.642.43108.514.1111.417 433.4...20155.532.892.64109.512.7113.718 089.8...20225.652.922.73106.912.0118.118 272.2150202425.833.012.82106.911.7119.118 539.4...Sint Maarten (Dutch part)
St-Martin (partie néerland.)20100.030.020.0290.422.519.31994.0...20150.040.020.0292.219.7113.211 102.1...20220.040.020.0295.316.0119.911 239.4~0202420.040.020.0294.815.1121.511 275.0...Slovakia Slovaquie20105.392.622.7794.815.5117.91110.0...20155.422.642.7895.115.3120.81110.5...20225.472.672.8095.416.0123.91111.649202425.512.692.8295.415.8124.81112.3...Slovenia Slovénie20102.041.011.0398.114.1122.11101.5...20152.061.021.0498.314.8125.01102.3...20222.121.061.05100.815.1127.61105.020202422.121.061.05101.014.7128.61105.2...



Mid-year population estimates and projections (millions)
 Estimations et projections de population au milieu de l'année
	(millions)	

Sex Ratio
  (males per 100 females) Rapport
     des sexes (hommes pour 100
femmes)Population age distribution (percentage) Répartition par âge de la population
	(pourcentage)	



Country or area Pays ou zone



  Year Année




Total



    Male Hommes



Females FemmesAged 0
   to 14 years old âgée de 0 à 14
ansAged
60+
   years old âgée
 de 60 ans ou plus
Population
   density (per km2) Densité de population
(pour km2)

Surface area Superficie
(000 km2)Solomon Islands
Îles Salomon20100.530.270.26104.741.015.2118.5...20150.640.330.31104.740.015.4122.2...20220.780.400.38104.737.715.6127.129202420.820.420.40104.637.015.7128.4...Somalia Somalie201012.266.146.12100.348.713.9119.5...201513.816.926.89100.447.614.0122.0...202217.808.928.88100.446.814.1128.46382024219.019.529.49100.446.614.1130.3...South Africa Afrique du Sud201052.3425.1827.1692.729.417.6142.9...201556.7227.5329.1994.328.318.0146.5...202262.3830.3132.0794.526.319.8151.11 2212024264.0131.1532.8594.825.9110.2152.4...South Sudan Soudan du sud20109.754.824.9397.742.814.0117.3...201511.115.495.6197.943.114.1119.7...2024211.945.876.0796.838.915.0121.2...Spain
Espagne20105146.8423.1823.6698.014.9122.1193.2...20155146.6822.9823.7096.915.0124.0192.9...202247.835123.495124.345196.55113.61,5126.81,5195.25150620242,5147.9123.5224.3996.412.9128.1195.4...Sri Lanka Sri Lanka201020.8810.1710.7194.925.4111.61333.0...201521.7310.5411.1994.224.7113.61346.5...202222.8411.0511.7893.822.7116.41364.2662024223.1011.1811.9393.722.0117.21368.4...State of Palestine État de Palestine2010524.022.002.0299.341.914.51667.3...2015524.522.242.2898.540.115.01751.1...20225.31522.64522.675298.95238.71,525.71,52881.352620242,525.502.732.7798.638.015.91912.9...Sudan
Soudan201035.4117.6117.8098.944.614.1120.1...201540.0219.8820.1498.743.614.5122.7...2024250.4525.0125.4498.340.515.3128.6...Suriname Suriname20100.550.280.27102.330.318.513.5...20150.580.290.29101.428.719.313.7...20220.620.310.31100.126.3111.414.0164202420.630.320.3299.825.6112.214.1...Sweden Suède20109.384.674.7199.216.6124.9123.0...20159.804.904.90100.117.3125.4124.1...202210.495.285.21101.417.5125.8125.74392024210.615.345.26101.517.0126.4126.0...Switzerland Suisse20107.833.853.9797.015.2122.71195.7...20158.284.104.1997.914.9123.51207.1...20228.794.374.4398.615.1125.61219.841202428.924.434.4998.715.0126.91223.1...Syrian Arab Republic
République arabe syrienne201022.4811.3411.15101.736.115.31122.4...201519.429.769.67101.040.616.41105.7...202222.4611.2311.23100.031.917.31122.31852024224.6712.3412.33100.129.217.41134.3...Tajikistan Tadjikistan20107.653.703.9593.836.814.6153.5...20158.644.214.4395.136.314.8160.4...202210.185.005.1996.336.616.2171.21412024210.595.205.3996.636.316.7174.0...Thailand Thaïlande201068.5833.8634.7297.520.1112.61134.2...201570.5434.6835.8696.718.1115.31138.1...202271.7435.0136.7395.315.4120.41140.45132024271.6734.9036.7794.914.7122.01140.3...



Mid-year population estimates and projections (millions)
 Estimations et projections de population au milieu de l'année
	(millions)	

Sex Ratio
  (males per 100 females) Rapport
     des sexes (hommes pour 100
femmes)Population age distribution (percentage) Répartition par âge de la population
	(pourcentage)	



Country or area Pays ou zone



  Year Année




Total



    Male Hommes



Females FemmesAged 0
   to 14 years old âgée de 0 à 14
ansAged
60+
   years old âgée
 de 60 ans ou plus
Population
   density (per km2) Densité de population
(pour km2)

Surface area Superficie
(000 km2)Timor-Leste
Timor-Leste20101.080.560.53104.941.617.2172.9...20151.210.610.59103.439.117.7181.0...20221.370.690.68101.634.817.6192.115202421.400.710.69101.733.717.5194.2...Togo
Togo20106.733.373.36100.341.614.51123.8...20157.663.853.82100.741.514.71140.9...20229.094.574.52101.240.215.11167.157202429.524.794.73101.339.515.21174.9...Tokelau Tokélaou201021~0.00~0.00~0.00103.431.2112.51132.0...201521~0.00~0.00~0.00102.429.4112.91141.5...2022~0.0021~0.0021~0.002196.02128.21,2112.51,21190.821~020242,21~0.00~0.00~0.0095.826.1112.61208.9...Tonga
Tonga20100.110.050.05100.037.618.31165.2...20150.110.050.0597.936.718.61163.2...20220.110.050.0591.435.619.41161.61202420.100.050.0689.535.419.71160.3...Trinidad and Tobago Trinité-et-Tobago20101.390.690.7097.820.3110.31270.3...20151.430.710.7297.519.6113.21278.6...20221.500.740.7697.818.3117.31291.65202421.510.750.7697.817.8118.61293.9...Tunisia Tunisie201010.775.385.3999.924.219.4169.3...201511.405.675.7399.024.7110.9173.4...202212.126.006.1298.024.7113.4178.01642024212.286.076.2197.724.0114.4179.0...Türkiye Türkiye201073.3536.8136.54100.825.9110.4195.3...201580.0140.1139.91100.523.9111.51104.0...202287.0643.4943.5799.822.2114.01113.17842024287.4743.6643.8199.721.4115.01113.7...Turkmenistan Turkménistan20105.562.732.8396.330.315.5111.8...20156.223.043.1796.029.715.9113.2...20227.233.543.6996.031.717.3115.4488202427.493.683.8296.431.517.9115.9...Turks and Caicos Islands
Îles Turques-et- Caïques2010130.030.020.01102.922.919.5131.3...2015130.040.020.02101.618.8112.4138.5...20220.05130.02130.0213100.31316.41,1315.91,1348.31315320242,130.050.020.02100.216.1116.9149.0...Tuvalu Tuvalu20100.010.010.01103.132.818.31353.8...20150.010.010.01105.031.918.71365.4...20220.010.01~0.00104.732.0110.01333.1~0202420.01~0.00~0.00104.832.9111.11321.5...Uganda Ouganda201032.3915.9816.4197.349.513.01162.1...201537.5318.5518.9897.748.113.11187.8...202247.3123.4523.8698.344.313.41236.82422024250.0224.8125.2198.443.513.51250.3...Ukraine Ukraine20105446.4621.5924.8686.814.1119.9180.2...20155445.7821.3224.4687.215.1121.4179.0...202241.055419.125421.935487.25414.81,5425.11,5470.95460420242,5437.8617.6020.2686.913.9126.3165.4...United Arab Emirates Émirats arabes unis20106.944.632.31200.316.913.1197.7...20158.675.643.04185.616.813.21122.1...202210.246.573.68178.616.513.31144.271552024211.037.053.98177.016.113.71155.3...



Mid-year population estimates and projections (millions)
 Estimations et projections de population au milieu de l'année
	(millions)	

Sex Ratio
  (males per 100 females) Rapport
     des sexes (hommes pour 100
femmes)Population age distribution (percentage) Répartition par âge de la population
	(pourcentage)	



Country or area Pays ou zone



  Year Année




Total



    Male Hommes



Females FemmesAged 0
   to 14 years old âgée de 0 à 14
ansAged
60+
   years old âgée
 de 60 ans ou plus
Population
   density (per km2) Densité de population
(pour km2)

Surface area Superficie
(000 km2)United Kingdom
Royaume-Uni20105663.0130.7832.2395.517.8122.31259.6...20155665.3832.0633.3296.217.9123.21269.3...202268.185633.565634.625696.95617.61,5624.81,56280.9562425720242,5669.1434.0435.0997.017.2125.51284.8...United Rep. of Tanzania
Rép.-Unie de Tanzanie20105844.7622.0722.6997.345.314.5150.5...20155852.0225.6926.3397.644.514.6158.7...202264.715832.075832.655898.25842.91,584.51,5873.15894720242,5868.5633.9834.5898.342.514.5177.4...United States of America
États-Unis d'Amérique201059311.06155.16155.9199.519.7118.3134.0...201559326.13163.46162.67100.519.2120.2135.7...2022341.5359171.6759169.8659101.15917.91,5923.21,5937.3599 83420242,59345.43173.55171.88101.017.3124.2137.8...United States Virgin Islands
Îles Vierges américaines2010120.110.050.0691.620.8120.61303.7...2015120.100.050.0592.319.5123.91286.4...20220.09120.04120.051292.31216.51,1229.51,12247.212~020242,120.080.040.0490.916.5130.51242.6...Uruguay Uruguay20103.321.611.7193.922.3118.6119.2...20153.371.631.7494.021.1119.3119.4...20223.391.641.7594.219.1120.9119.6174202423.391.641.7494.218.3121.4119.6...Uzbekistan Ouzbékistan201028.3914.2714.11101.228.916.8166.7...201530.7515.4815.27101.428.317.5172.3...202234.9417.6217.32101.730.619.0182.14492024236.3618.3418.02101.831.119.5185.5...Vanuatu Vanuatu20100.240.120.12105.338.215.1119.5...20150.270.140.13103.838.515.9121.8...20220.310.160.15102.138.816.5125.712202420.330.170.16101.938.316.7126.9...Venezuela (Boliv. Rep. of)
Venezuela (Rép. boliv. du)201028.8114.3614.4599.429.918.5131.4...201530.5715.2015.3898.828.219.9133.4...202228.2113.9514.2697.826.8113.4130.89302024228.4114.0314.3797.625.5114.3131.0...Viet Nam Viet Nam201087.4642.5444.9194.724.618.61279.0...201592.8245.3047.5395.324.019.91296.2...202299.6848.8250.8696.023.9112.81318.133120242100.9949.4651.5396.023.2113.91322.2...Wallis and Futuna Islands
Îles Wallis-et- Futuna2010320.010.010.0196.829.0112.6194.0...2015320.010.010.0193.926.6115.3186.9...20220.01320.01320.013291.83222.11,3219.21,3282.032~020242,320.010.010.0190.720.4120.7180.6...Western Sahara Sahara occidental20100.410.220.19119.325.916.511.5...20150.490.270.22122.324.817.811.8...20220.570.310.26122.923.719.712.126660202420.590.330.27122.823.1110.112.2...Yemen Yémen201026.7513.5613.20102.743.514.1150.7...201531.1615.8115.35103.041.814.0159.0...202238.2219.3618.87102.641.313.9172.45282024240.5820.5620.03102.741.114.0176.9...Zambia Zambie201013.976.887.0997.046.312.9118.8...201516.408.108.3097.645.212.9122.1...202220.159.9710.1898.042.413.2127.17532024221.3210.5510.7698.041.513.3128.7...



Mid-year population estimates and projections (millions)
 Estimations et projections de population au milieu de l'année
	(millions)	

Sex Ratio
  (males per 100 females) Rapport
     des sexes (hommes pour 100
femmes)Population age distribution (percentage) Répartition par âge de la population
	(pourcentage)	



Country or area Pays ou zone



  Year Année




Total



    Male Hommes



Females FemmesAged 0
   to 14 years old âgée de 0 à 14
ansAged
60+
   years old âgée
 de 60 ans ou plus
Population
   density (per km2) Densité de population
(pour km2)

Surface area Superficie
(000 km2)Zimbabwe
Zimbabwe201013.366.337.0390.043.014.8134.5...201514.406.817.5989.743.815.2137.2...202216.077.648.4390.741.615.2141.53912024216.637.938.7191.140.915.0143.0...LLDCs PDSL2010428.11212.09216.0298.241.315.2113.0...2015482.10239.06243.0498.440.515.4114.6...20242592.79294.40298.3998.738.416.0118.0...LDC§
PMA§2010855.53425.03430.5098.741.915.1142.6...2015962.71477.76484.9598.540.815.3148.0...202421 188.01589.97598.0598.638.715.9159.2...SIDS
PEID201064.5932.3832.21100.528.0110.1127.1...201568.1934.1834.01100.526.6111.2128.6...2024273.4636.7036.7799.824.5113.8130.8...

Source:Source:United Nations Population Division, New York, World Population Prospects: The 2024 Revision, last accessed July 2024.Organisation des Nations Unies, Division de la population, New York, " World Population Prospects: The 2024 Revision ", denier accès juillet
2024.United Nations Population Division, New York, World Population Prospects: The 2024 Revision; supplemented by data from the United Nations Statistics Division, New York, Demographic Yearbook 2022 and
Secretariat for the Pacific Community (SPC) for small countries or areas, last accessed July 2024.Organisation des Nations Unies, Division de la population, New York, " World Population Prospects: The 2024 Revision "; complétées par des données de l'Organisation des Nations Unies, Division de statistique, New
York, Annuaire démographique 2022 et Secrétariat de la Communauté du Pacifique (SCP) pour petits pays ou zones, denier accès juillet 2024.United Nations Statistics Division, New York, "Demographic Yearbook 2021" and the demographic statistics database, last accessed June 2022.Organisation des Nations Unies, Division de statistique, New York,
Annuaire démographique 2021 et recueil de statistiques démographiques, denier accès juin 2022.

1Calculated by the UN Statistics Division.1Calculés par la Division de statistique des Nations Unies.2Projected estimate (medium fertility variant).2Projection approximative (variante moyenne fécondité).3Including Saint Helena.3Y compris Sainte-Hélène.4Including Bermuda, Greenland, and Saint Pierre and Miquelon.4Y compris les Bermudes, le Groenland et Saint-Pierre-et-Miquelon.5Including Anguilla, Bonaire, Sint Eustatius and Saba, British Virgin Islands, Cayman Islands, Dominica, Montserrat, Saint Kitts and Nevis, Sint Maarten (Dutch part) and Turks and Caicos Islands.5Y compris Anguilla, les îles Bonaire, Saint-Eustache et Saba, les îles Caïmans, la Dominique, Montserrat, Saint-Kitts-et-Nevis,
Saint-Martin (partie néerlandaise), les îles Turques-et-Caïques et les îles Vierges britanniques.6Including Falkland Islands (Malvinas).6Y compris les îles Falkland (Malvinas)7Including the Faroe Islands and the Isle of Man.7Y compris les îles Féroé et l'île de Man.8Including Andorra, Gibraltar, Holy See, and San Marino.8Y compris Andorre, Gibraltar, Saint-Siège, et Saint-Marin.9Including Liechtenstein and Monaco.9Y compris le Liechtenstein et Monaco.10Including Marshall Islands, Nauru, Northern Mariana Islands and Palau.10Y compris les îles Mariannes du Nord, les îles Marshall, Nauru et Palaos.11Including Pitcairn.11Y compris Pitcairn.12For statistical purposes, the data for United States of America do not include this area.12À des fins statistiques, les données pour les États-Unis d'Amérique n'incluent pas cette zone.13For statistical purposes, the data for United Kingdom do not include
this area.13À des fins statistiques, les données pour le Royaume-Uni n'incluent
pas cette zone.14The total area includes continental areas and islands, and excludes
Antarctic area.14La superficie totale comprend les zones continentales et les îles,
mais n'inclut pas la région de l'Antarctique.15Including Christmas Island, Cocos (Keeling) Islands and Norfolk Island.15Y compris l'île Christmas, les îles des Cocos (Keeling) et l'île Norfolk.16Including Norfolk Island.16Y compris l'île Norfolk.


17Including Nagorno-Karabakh.17Y compris le Haut-Karabakh.18Data updated according to "Superintendencia Agraria". Interior waters correspond to natural or artificial bodies of water or snow.18Données actualisées d'après la " Superintendencia Agraria ". Les eaux intérieures correspondent aux étendues d'eau naturelles ou
artificielles et aux étendues neigeuses.19For statistical purposes, the data for China do not include those for the Hong Kong Special Administrative Region (Hong Kong SAR), Macao Special Administrative Region (Macao SAR) and Taiwan
Province of China.19Pour la présentation des statistiques, les données pour la Chine ne comprennent pas la région administrative spéciale de Hong Kong (RAS de Hong Kong), la région administrative spéciale de Macao
(RAS de Macao) et la province chinoise de Taïwan.20Inland waters include the reservoirs.20Les eaux intérieures comprennent les réservoirs.21For statistical purposes, the data for New Zealand do not include
this area.21À des fins statistiques, les données pour la Nouvelle-Zélande
n'incluent pas cette zone.22Excluding Niue, shown separately, which is part of Cook Islands, but because of remoteness is administered separately.22Non compris Nioué, qui fait l'objet d'une rubrique distincte et qui fait partie des îles Cook, mais qui, en raison de son éloignement, est
administrée séparément.23Refers to the whole country.23Ensemble du pays.24For statistical purposes, the data for Denmark do not include Faroe
Islands, and Greenland.24À des fins statistiques, les données pour le Danemark n'incluent pas
les îles Féroé et le Groenland.25Excluding Faeroe Islands and Greenland shown separately, if available.25Non compris les Iles Féroé et le Groenland, qui font l'objet de rubriques distinctes, si disponible.26A dispute exists between the Governments of Argentina and the United Kingdom of Great Britain and Northern Ireland concerning sovereignty over the Falkland Islands (Malvinas). For statistical purposes, the data for United Kingdom do not include this area.26Un différend existe entre les gouvernements de l'Argentine et du Royaume-Uni de Grande-Bretagne et d'Irlande du Nord concernant la souveraineté sur les îles Falkland (Malvinas). À des fins statistiques, les données pour le Royaume-Uni n'incluent pas cette
zone.27A dispute exists between the Governments of Argentina and the United Kingdom of Great Britain and Northern Ireland concerning
sovereignty over the Falkland Islands (Malvinas).27La souveraineté sur les îles Falkland (Malvinas) fait l'objet d'un différend entre le Gouvernement argentin et le Gouvernement du
Royaume-Uni de Grande-Bretagne et d'Irlande du Nord.28For statistical purposes, the data for Denmark do not include this
area.28À des fins statistiques, les données pour le Danemark n'incluent pas
cette zone.29Including Åland Islands.29Y compris les Îles d'Åland.30Excluding Åland Islands.30Non compris les Îles d'Åland.31For statistical purposes, the data for France do not include French Guiana, French Polynesia, Guadeloupe, Martinique, Mayotte, New Caledonia, Réunion, Saint Pierre and Miquelon, Saint Barthélemy, Saint Martin (French part), Wallis and Futuna Islands.31À des fins statistiques, les données pour la France n'incluent pas la Guyane française, la Polynésie française, la Guadeloupe, la Martinique, Mayotte, la Nouvelle-Calédonie, la Réunion, Saint Pierre et Miquelon, Saint Barthélemy, Saint Martin (partie
française), Wallis et Futuna.32For statistical purposes, the data for France do not include this area.32À des fins statistiques, les données pour la France n'incluent pas
cette zone.33Including water bodies of lake Vaihiria, lake Temae and the Maiao lagoons, but not lake Maeva and the lagoons of Raiatea and Tahaa from the upper islands. No lagoons from lower islands are included.33Y compris les étendues d'eau des îles haute : le lac Vaihiria, le lac de Temae et les lagunes de Maiao. Le lac de Maeva et les lagunes de Raiatea et de Tahaa ne sont pas inclus. Concernant les îles
basses, les lagons ne sont pas inclus dans le calcul de la superficie.34Including Abkhazia and South Ossetia.34Y compris l'Abkhazie et l'Ossétie du Sud.35Data refer to 1 October 2007.35Les données se réfèrent au 1er octobre 2007.36Land area only. Excluding 84 square km of uninhabited islands.36La superficie des terres seulement. Exclut des îles inhabitées d'une superficie de 84 kilomètres carrés.37Refers to Kosovo (United Nations administered region under
security council resolution 1244). For statistical purposes, the data for Serbia do not include this area.37Fait référence au Kosovo (région administrée par les Nations Unies
en vertu de la résolution 1244 du Conseil de sécurité). À des fins statistiques, les données pour la Serbie n'incluent pas cette zone.38Including Sabah and Sarawak.38Y compris Sabah et Sarawak.39Including Agalega, Rodrigues and Saint Brandon.39Y compris Agalega, Rodrigues et Saint-Brandon.40Excluding the islands of Saint Brandon and Agalega.40Non compris les îles Saint-Brandon et Agalega.41For statistical purposes, the data for Netherlands do not include
Aruba, Bonaire, Sint Eustatius and Saba, Curaçao, and Sint Maarten (Dutch part).41À des fins statistiques, les données pour les Pays-Bas n'incluent pas
Aruba, Bonaire, Saint-Eustache et Saba, Curaçao et Sint Maarten (partie néerlandaise).42For statistical purposes, the data for New Zealand do not include
Cook Islands, Niue, and Tokelau.42À des fins statistiques, les données pour la Nouvelle-Zélande
n'incluent pas les Îles Cook, Niue et Tokelau.43Including Svalbard and Jan Mayen Islands.43Y compris les îles Svalbard-et-Jan Mayen.44For statistical purposes, the data for China do not include this area.44À des fins statistiques, les données pour la Chine n'incluent pas cette zone.45Including the Transnistria region.45Y compris la région de Transnistrie.46Including Ascension and Tristan da Cunha. For statistical purposes, the data for United Kingdom do not include this area.46Y compris Ascension et Tristan da Cunha. À des fins statistiques, les données pour le Royaume-Uni n'incluent pas cette zone.47Including Ascension and Tristan da Cunha.47Y compris Ascension et Tristan da Cunha.48St. Helena Island has no substantial natural inland waters however there are 15 reservoirs and similar open water storage features on
island.48L'île de Sainte-Hélène ne dispose d'aucune grande étendue d'eau intérieure naturelle, mais on y trouve 15 réservoirs et autres
installations similaires.49Excluding Kosovo.49Non compris Kosovo.


50The land area of Singapore comprises the mainland and other
islands.50La superficie terrestre de Singapour comprend l'île principale et les
autres îles.51Including Canary Islands, Ceuta and Melilla.51Y compris les îles Canaries, Ceuta et Melilla.52Including East Jerusalem.52Y compris Jérusalem-Est.53Including low water level for all islands (area to shoreline).53Y compris le niveau de basses eaux pour toutes les îles.54Including Crimea.54Y compris Crimea.55Land area only.55La superficie des terres seulement.56Refers to the United Kingdom of Great Britain and Northern Ireland. For statistical purposes, the data for United Kingdom do not include Anguilla, Bermuda, British Virgin Islands, Cayman Islands, Channel Islands, Falkland Islands (Malvinas), Gibraltar, Isle of Man, Montserrat, Saint Helena, Turks and Caicos Islands.56Désigne le Royaume-Uni de Grande-Bretagne et d'Irlande du Nord. À des fins statistiques, les données pour le Royaume-Uni n'incluent pas Anguilla, les Bermudes, les îles Vierges britanniques, les îles Caïman, les îles anglo-normandes, les îles Falkland (Malvinas),
Gibraltar, l'île de Man, Montserrat, Sainte-Hélène, les îles Turques et Caïques.57Excluding Channel Islands (Guernsey and Jersey) and Isle of Man,
shown separately, if available.57Non compris les îles Anglo-Normandes (Guernsey and Jersey) et
l'île de Man, qui font l'objet de rubriques distinctes, si disponible.58Including Zanzibar.58Y compris Zanzibar.59For statistical purposes, the data for United States of America do
not include American Samoa, Guam, Northern Mariana Islands, Puerto Rico, and United States Virgin Islands.59À des fins statistiques, les données pour les États-Unis d'Amérique
ne comprennent pas les Samoa américaines, Guam, les îles Mariannes du Nord, Porto Rico et les îles Vierges américaines.60Comprising the Northern Region (former Saguia el Hamra) and
Southern Region (former Rio de Oro).60Comprend la région septentrionale (ancien Saguia el Hamra) et la
région méridionale (ancien Rio de Oro).
















